[gd_scene load_steps=20 format=3 uid="uid://cff5uacv07nea"]

[ext_resource type="Shader" path="res://clouds.gdshader" id="1"]
[ext_resource type="CompressedTexture3D" uid="uid://c4dp6g6gouj2b" path="res://worlnoise.bmp" id="2"]
[ext_resource type="CompressedTexture3D" uid="uid://dbfbysid168mx" path="res://perlworlnoise.tga" id="3"]
[ext_resource type="Texture2D" uid="uid://dfkye0uf4i6w1" path="res://weather.bmp" id="4"]
[ext_resource type="PackedScene" uid="uid://e1un383kmsbn" path="res://Assets/Models/foresta.tscn" id="5_303wh"]
[ext_resource type="Texture2D" path="res://Assets/Models/Models/bettergrass-min.jpg" id="5_yq2dn"]
[ext_resource type="Shader" uid="uid://xqqjo85xrtv" path="res://Assets/Grass/foliage_shader_G4alpha10.tres" id="7_wja53"]
[ext_resource type="PackedScene" uid="uid://dto3vemte8jio" path="res://Assets/Models/Models/tree_1.tscn" id="8_lglfb"]
[ext_resource type="PackedScene" uid="uid://dhhaxrek2qwcx" path="res://Assets/Models/Models/tree_2.tscn" id="9_mckdg"]
[ext_resource type="PackedScene" uid="uid://bkpgm4vfprw6d" path="res://Assets/Models/Models/tree_3.tscn" id="10_l5bbt"]
[ext_resource type="PackedScene" uid="uid://c0dp77ax8h1n8" path="res://Assets/Models/Models/tree_4.tscn" id="11_dppa6"]

[sub_resource type="ShaderMaterial" id="ShaderMaterial_jcxn0"]
shader = ExtResource("1")
shader_parameter/_density = 0.05
shader_parameter/_time_offset = 0.0
shader_parameter/_time_scale = 1.0
shader_parameter/cloud_coverage = 0.2
shader_parameter/exposure = 0.1
shader_parameter/ground_color = Color(1, 1, 1, 1)
shader_parameter/mie = 0.005
shader_parameter/mie_color = Color(0.63, 0.77, 0.92, 1)
shader_parameter/mie_eccentricity = 0.8
shader_parameter/perlworlnoise = ExtResource("3")
shader_parameter/rayleigh = 2.0
shader_parameter/rayleigh_color = Color(0.26, 0.41, 0.58, 1)
shader_parameter/sun_disk_scale = 1.0
shader_parameter/turbidity = 10.0
shader_parameter/weathermap = ExtResource("4")
shader_parameter/worlnoise = ExtResource("2")

[sub_resource type="Sky" id="Sky_m81e2"]
sky_material = SubResource("ShaderMaterial_jcxn0")

[sub_resource type="Environment" id="3"]
background_mode = 2
sky = SubResource("Sky_m81e2")
ambient_light_source = 3
reflected_light_source = 2
tonemap_mode = 3
tonemap_exposure = 1.2
tonemap_white = 16.0
ssao_enabled = true
ssao_intensity = 1.0
ssao_ao_channel_affect = 0.6
glow_enabled = true
glow_intensity = 1.0
glow_bloom = 0.1
adjustment_enabled = true
adjustment_contrast = 1.2
adjustment_saturation = 1.1

[sub_resource type="PlaneMesh" id="PlaneMesh_lioe3"]
size = Vector2(300, 200)

[sub_resource type="StandardMaterial3D" id="StandardMaterial3D_8jc2p"]
albedo_texture = ExtResource("5_yq2dn")
uv1_scale = Vector3(70, 70, 70)

[sub_resource type="ShaderMaterial" id="ShaderMaterial_h78f8"]
shader = ExtResource("7_wja53")
shader_parameter/__terrain_amplitude = 0.05
shader_parameter/_coverage_altitude = 10.0
shader_parameter/_coverage_range = 100.0
shader_parameter/_slope_coverage = 0.5
shader_parameter/clumping_strength = 20.0
shader_parameter/instance_orient_to_normal = false
shader_parameter/instance_orientation_influence = 1.0
shader_parameter/instance_pos_randomize = 3.907
shader_parameter/instance_rot_randomize = 2.5
shader_parameter/instance_rows = 5.0
shader_parameter/instance_scale_max = 1.2
shader_parameter/instance_scale_min = 0.2
shader_parameter/instance_scale_randomize = 1.0
shader_parameter/instance_scale_x = 1.0
shader_parameter/instance_scale_y = 1.0
shader_parameter/instance_scale_z = 1.0
shader_parameter/instance_spacing = 0.5
shader_parameter/map_heightmap_size = null
shader_parameter/map_normalmap_size = null
shader_parameter/terrain_normal_basis = null

[sub_resource type="StandardMaterial3D" id="StandardMaterial3D_25dur"]
albedo_color = Color(0, 0.360784, 0, 1)

[sub_resource type="ArrayMesh" id="ArrayMesh_57g2h"]
_surfaces = [{
"aabb": AABB(-0.0195391, 0, -0.288074, 0.0390781, 1e-05, 0.306208),
"format": 4097,
"index_count": 3,
"index_data": PackedByteArray(0, 0, 2, 0, 1, 0),
"material": SubResource("StandardMaterial3D_25dur"),
"primitive": 3,
"vertex_count": 3,
"vertex_data": PackedByteArray(92, 16, 160, 188, 0, 0, 0, 0, 125, 120, 148, 60, 92, 16, 160, 60, 0, 0, 0, 0, 125, 120, 148, 60, 0, 89, 154, 56, 0, 0, 0, 0, 101, 126, 147, 190)
}]

[node name="Node3D" type="Node3D"]
transform = Transform3D(1, 0.0003427, -0.00016891, -0.000342464, 0.999999, 0.00143352, 0.000169389, -0.00143346, 0.999999, 0, 0, 0)

[node name="WorldEnvironment" type="WorldEnvironment" parent="."]
environment = SubResource("3")

[node name="DirectionalLight3D" type="DirectionalLight3D" parent="."]
transform = Transform3D(0.920694, 0.37634, 0.103394, 0.1368, -0.559298, 0.817601, 0.365524, -0.738617, -0.566425, 0, 0, 0)
light_color = Color(0.8, 0.8, 0.8, 1)
shadow_enabled = true
shadow_opacity = 0.7
shadow_blur = 4.0
directional_shadow_mode = 1

[node name="Camera3D" type="Camera3D" parent="."]
transform = Transform3D(0.000139891, 0.166252, -0.986083, 9.67679e-06, 0.986083, 0.166252, 1, -3.27993e-05, 0.000136323, -8.95017, 3.02907, 0.00585813)

[node name="MeshInstance3d" type="MeshInstance3D" parent="."]
mesh = SubResource("PlaneMesh_lioe3")
surface_material_override/0 = SubResource("StandardMaterial3D_8jc2p")

[node name="Arvereess" type="Node3D" parent="."]
transform = Transform3D(1, -2.20012e-10, 0, 5.68434e-13, 1, -9.31323e-10, 0, 9.31323e-10, 1, 0.912245, -0.00987249, 7.10481)

[node name="Arveres" parent="Arvereess" instance=ExtResource("5_303wh")]
transform = Transform3D(1, -1.64277e-11, 0, 5.68434e-13, 1, -1.16415e-10, 0, 1.16415e-10, 1, 0, 0, 0)

[node name="Arveres5" parent="Arvereess" instance=ExtResource("5_303wh")]
transform = Transform3D(0.717215, 0.000902108, -0.696852, -0.0010958, 0.999999, 0.00016673, 0.696852, 0.000644026, 0.717216, 6.55388, -0.000202805, 1.70718)

[node name="Arveres6" parent="Arvereess" instance=ExtResource("5_303wh")]
transform = Transform3D(-0.342889, 0.000886723, -0.939376, -0.00180651, 0.999997, 0.00160335, 0.939375, 0.00224676, -0.342886, 0.977444, -0.00783645, 5.70009)

[node name="Arveres7" parent="Arvereess" instance=ExtResource("5_303wh")]
transform = Transform3D(-0.34289, 0.000886723, -0.939376, -0.00180651, 0.999997, 0.00160335, 0.939376, 0.00224676, -0.342886, 7.11612, -0.00771245, 7.08009)

[node name="Arveres2" parent="Arvereess" instance=ExtResource("5_303wh")]
transform = Transform3D(0.956249, -0.000434367, 0.292555, 0.000404401, 1, 0.000162908, -0.292555, -3.74706e-05, 0.956249, 4.70851, 0.00753332, -4.13026)

[node name="Arveres3" parent="Arvereess" instance=ExtResource("5_303wh")]
transform = Transform3D(0.942839, 0.00045814, -0.333247, -0.000497294, 1, -3.2186e-05, 0.333247, 0.000196068, 0.942841, -0.597741, 0.00771368, -5.52373)

[node name="Arveres4" parent="Arvereess" instance=ExtResource("5_303wh")]
transform = Transform3D(-0.0434628, 0.00107482, -0.999056, -0.00178952, 0.999998, 0.00115368, 0.999054, 0.00183796, -0.04346, 3.33075, 0.0150635, -9.7123)

[node name="Arvereess2" type="Node3D" parent="."]
transform = Transform3D(1, -2.78192e-10, 0, 5.68434e-13, 1, -1.16415e-09, 0, 1.16415e-09, 1, 0.909031, 0.0173247, -11.8683)

[node name="Arveres" parent="Arvereess2" instance=ExtResource("5_303wh")]
transform = Transform3D(1, -1.64277e-11, 0, 5.68434e-13, 1, -1.16415e-10, 0, 1.16415e-10, 1, 0, 0, 0)

[node name="Arveres5" parent="Arvereess2" instance=ExtResource("5_303wh")]
transform = Transform3D(0.717215, 0.000902108, -0.696852, -0.0010958, 0.999999, 0.00016673, 0.696852, 0.000644026, 0.717216, 6.55388, -0.000202805, 1.70718)

[node name="Arveres6" parent="Arvereess2" instance=ExtResource("5_303wh")]
transform = Transform3D(-0.342889, 0.000886723, -0.939376, -0.00180651, 0.999997, 0.00160335, 0.939375, 0.00224676, -0.342886, 0.977444, -0.00783645, 5.70009)

[node name="Arveres7" parent="Arvereess2" instance=ExtResource("5_303wh")]
transform = Transform3D(-0.34289, 0.000886723, -0.939376, -0.00180651, 0.999997, 0.00160335, 0.939376, 0.00224676, -0.342886, 7.11612, -0.00771245, 7.08009)

[node name="Arveres2" parent="Arvereess2" instance=ExtResource("5_303wh")]
transform = Transform3D(0.956249, -0.000434367, 0.292555, 0.000404401, 1, 0.000162908, -0.292555, -3.74706e-05, 0.956249, 4.70851, 0.00753332, -4.13026)

[node name="Arveres3" parent="Arvereess2" instance=ExtResource("5_303wh")]
transform = Transform3D(0.942839, 0.00045814, -0.333247, -0.000497294, 1, -3.2186e-05, 0.333247, 0.000196068, 0.942841, -0.597741, 0.00771368, -5.52373)

[node name="Arveres4" parent="Arvereess2" instance=ExtResource("5_303wh")]
transform = Transform3D(-0.0434628, 0.00107482, -0.999056, -0.00178952, 0.999998, 0.00115368, 0.999054, 0.00183796, -0.04346, 3.33075, 0.0150635, -9.7123)

[node name="Arvereess3" type="Node3D" parent="."]
transform = Transform3D(0.995236, -0.000141395, 0.097496, 0.000138131, 1, 4.0217e-05, -0.097496, -2.65576e-05, 0.995236, 16.4444, 0.00460219, 0.718124)

[node name="Arveres" parent="Arvereess3" instance=ExtResource("5_303wh")]
transform = Transform3D(1, -1.64277e-11, 0, 5.68434e-13, 1, -1.16415e-10, 0, 1.16415e-10, 1, 0, 0, 0)

[node name="Arveres5" parent="Arvereess3" instance=ExtResource("5_303wh")]
transform = Transform3D(0.717215, 0.000902108, -0.696852, -0.0010958, 0.999999, 0.00016673, 0.696852, 0.000644026, 0.717216, 6.55388, -0.000202805, 1.70718)

[node name="Arveres6" parent="Arvereess3" instance=ExtResource("5_303wh")]
transform = Transform3D(-0.342889, 0.000886723, -0.939376, -0.00180651, 0.999997, 0.00160335, 0.939375, 0.00224676, -0.342886, 0.977444, -0.00783645, 5.70009)

[node name="Arveres7" parent="Arvereess3" instance=ExtResource("5_303wh")]
transform = Transform3D(-0.34289, 0.000886723, -0.939376, -0.00180651, 0.999997, 0.00160335, 0.939376, 0.00224676, -0.342886, 7.11612, -0.00771245, 7.08009)

[node name="Arveres2" parent="Arvereess3" instance=ExtResource("5_303wh")]
transform = Transform3D(0.956249, -0.000434367, 0.292555, 0.000404401, 1, 0.000162908, -0.292555, -3.74706e-05, 0.956249, 4.70851, 0.00753332, -4.13026)

[node name="Arveres3" parent="Arvereess3" instance=ExtResource("5_303wh")]
transform = Transform3D(0.942839, 0.00045814, -0.333247, -0.000497294, 1, -3.2186e-05, 0.333247, 0.000196068, 0.942841, -0.597741, 0.00771368, -5.52373)

[node name="Arveres4" parent="Arvereess3" instance=ExtResource("5_303wh")]
transform = Transform3D(-0.0434628, 0.00107482, -0.999056, -0.00178952, 0.999998, 0.00115368, 0.999054, 0.00183796, -0.04346, 3.33075, 0.0150635, -9.7123)

[node name="Arvereess4" type="Node3D" parent="."]
transform = Transform3D(0.070923, -0.00174808, 0.997481, 0.00111174, 0.999999, 0.00167345, -0.997482, 0.000990249, 0.0709249, 21.4208, 0.0269766, -13.7011)

[node name="Arveres" parent="Arvereess4" instance=ExtResource("5_303wh")]
transform = Transform3D(1, -1.64277e-11, 0, 5.68434e-13, 1, -1.16415e-10, 0, 1.16415e-10, 1, 0, 0, 0)

[node name="Arveres5" parent="Arvereess4" instance=ExtResource("5_303wh")]
transform = Transform3D(0.717215, 0.000902108, -0.696852, -0.0010958, 0.999999, 0.00016673, 0.696852, 0.000644026, 0.717216, 6.55388, -0.000202805, 1.70718)

[node name="Arveres6" parent="Arvereess4" instance=ExtResource("5_303wh")]
transform = Transform3D(-0.342889, 0.000886723, -0.939376, -0.00180651, 0.999997, 0.00160335, 0.939375, 0.00224676, -0.342886, 0.977444, -0.00783645, 5.70009)

[node name="Arveres7" parent="Arvereess4" instance=ExtResource("5_303wh")]
transform = Transform3D(-0.34289, 0.000886723, -0.939376, -0.00180651, 0.999997, 0.00160335, 0.939376, 0.00224676, -0.342886, 7.11612, -0.00771245, 7.08009)

[node name="Arveres2" parent="Arvereess4" instance=ExtResource("5_303wh")]
transform = Transform3D(0.956249, -0.000434367, 0.292555, 0.000404401, 1, 0.000162908, -0.292555, -3.74706e-05, 0.956249, 4.70851, 0.00753332, -4.13026)

[node name="Arveres3" parent="Arvereess4" instance=ExtResource("5_303wh")]
transform = Transform3D(0.942839, 0.00045814, -0.333247, -0.000497294, 1, -3.2186e-05, 0.333247, 0.000196068, 0.942841, -0.597741, 0.00771368, -5.52373)

[node name="Arveres4" parent="Arvereess4" instance=ExtResource("5_303wh")]
transform = Transform3D(-0.0434628, 0.00107482, -0.999056, -0.00178952, 0.999998, 0.00115368, 0.999054, 0.00183796, -0.04346, 3.33075, 0.0150635, -9.7123)

[node name="Arvereess5" type="Node3D" parent="."]
transform = Transform3D(0.500061, -0.00141263, 0.865991, 0.0010702, 1, 0.00101324, -0.865991, 0.000420104, 0.500062, 21.4262, -0.0190413, 18.4015)

[node name="Arveres" parent="Arvereess5" instance=ExtResource("5_303wh")]
transform = Transform3D(1, -1.64277e-11, 0, 5.68434e-13, 1, -1.16415e-10, 0, 1.16415e-10, 1, 0, 0, 0)

[node name="Arveres5" parent="Arvereess5" instance=ExtResource("5_303wh")]
transform = Transform3D(0.717215, 0.000902108, -0.696852, -0.0010958, 0.999999, 0.00016673, 0.696852, 0.000644026, 0.717216, 6.55388, -0.000202805, 1.70718)

[node name="Arveres6" parent="Arvereess5" instance=ExtResource("5_303wh")]
transform = Transform3D(-0.342889, 0.000886723, -0.939376, -0.00180651, 0.999997, 0.00160335, 0.939375, 0.00224676, -0.342886, 0.977444, -0.00783645, 5.70009)

[node name="Arveres7" parent="Arvereess5" instance=ExtResource("5_303wh")]
transform = Transform3D(-0.34289, 0.000886723, -0.939376, -0.00180651, 0.999997, 0.00160335, 0.939376, 0.00224676, -0.342886, 7.11612, -0.00771245, 7.08009)

[node name="Arveres2" parent="Arvereess5" instance=ExtResource("5_303wh")]
transform = Transform3D(0.956249, -0.000434367, 0.292555, 0.000404401, 1, 0.000162908, -0.292555, -3.74706e-05, 0.956249, 4.70851, 0.00753332, -4.13026)

[node name="Arveres3" parent="Arvereess5" instance=ExtResource("5_303wh")]
transform = Transform3D(0.942839, 0.00045814, -0.333247, -0.000497294, 1, -3.2186e-05, 0.333247, 0.000196068, 0.942841, -0.597741, 0.00771368, -5.52373)

[node name="Arveres4" parent="Arvereess5" instance=ExtResource("5_303wh")]
transform = Transform3D(-0.0434628, 0.00107482, -0.999056, -0.00178952, 0.999998, 0.00115368, 0.999054, 0.00183796, -0.04346, 3.33075, 0.0150635, -9.7123)

[node name="ArveresDiferenciadas" type="Node3D" parent="."]
transform = Transform3D(1, -1.64277e-11, 0, 5.68434e-13, 1, -1.16415e-10, 0, 1.16415e-10, 1, 0, 0, 0)

[node name="Leaf003" parent="ArveresDiferenciadas" instance=ExtResource("8_lglfb")]
transform = Transform3D(0.279774, 0.000339884, 0.129771, -0.000160262, 0.308405, -0.000462236, -0.129772, 0.000351887, 0.279773, -4.44873, 0.00439034, -4.12541)

[node name="Leaf016" parent="ArveresDiferenciadas" instance=ExtResource("9_mckdg")]
transform = Transform3D(-1.35769e-08, -2.60286e-10, 0.308405, 3.49246e-10, 0.308405, -2.94165e-12, -0.308406, 6.98492e-10, -1.3526e-08, 11.6413, 0.0102861, -4.3943)

[node name="Leaf061" parent="ArveresDiferenciadas" instance=ExtResource("10_l5bbt")]
transform = Transform3D(0.270988, 0.000333248, 0.147239, -0.000138231, 0.308405, -0.00044361, -0.147239, 0.000323795, 0.270988, 8.51254, 0.00139098, 1.0633)

[node name="Leaf068" parent="ArveresDiferenciadas" instance=ExtResource("11_dppa6")]
transform = Transform3D(-1.35587e-08, -5.04644e-08, 0.308405, 2.91038e-10, 0.308405, 5.02449e-08, -0.308406, 5.82077e-10, -1.35187e-08, 11.7682, -0.00115728, 3.61868)

[node name="Leaf069" parent="ArveresDiferenciadas" instance=ExtResource("11_dppa6")]
transform = Transform3D(-0.256788, -0.000415262, 0.170803, -0.000285196, 0.308405, 0.000321037, -0.170804, 0.000109357, -0.256788, 11.7695, -0.0124341, 11.4855)

[node name="Leaf004" parent="ArveresDiferenciadas" instance=ExtResource("8_lglfb")]
transform = Transform3D(-0.307142, -0.00055546, -0.0278818, -0.000587259, 0.308404, 0.000325129, 0.0278812, 0.000376889, -0.307142, 24.0758, 0.0250155, -11.6988)

[node name="Grama" type="Node3D" parent="."]

[node name="GpuParticles3d" type="GPUParticles3D" parent="Grama"]
transform = Transform3D(1, -6.56286e-10, 0, 5.68434e-13, 1, -2.67755e-09, 0, 2.67755e-09, 1, -3.35868, 0.01453, -10.9383)
amount = 50
explosiveness = 1.0
process_material = SubResource("ShaderMaterial_h78f8")
draw_pass_1 = SubResource("ArrayMesh_57g2h")
