[gd_scene load_steps=34 format=2]

[ext_resource path="res://Player/Player.tscn" type="PackedScene" id=1]
[ext_resource path="res://Levels/Main/Props/EndGame.tscn" type="PackedScene" id=2]
[ext_resource path="res://Levels/Main/Geometry/Wall.tscn" type="PackedScene" id=3]
[ext_resource path="res://Levels/Main/Geometry/Floor.tscn" type="PackedScene" id=4]
[ext_resource path="res://Levels/Main/Game.gd" type="Script" id=5]
[ext_resource path="res://Levels/Main/Environment.tres" type="Environment" id=6]
[ext_resource path="res://Assets/Shaders/PS1_postprocess.tres" type="Shader" id=7]
[ext_resource path="res://Levels/Main/Props/DirtPath.tscn" type="PackedScene" id=8]
[ext_resource path="res://Levels/Main/Props/TinyWoods.tscn" type="PackedScene" id=9]
[ext_resource path="res://Levels/Main/Props/house1.tscn" type="PackedScene" id=10]
[ext_resource path="res://Levels/Main/Props/bush06.tscn" type="PackedScene" id=11]
[ext_resource path="res://Levels/Main/Props/bush04.tscn" type="PackedScene" id=12]
[ext_resource path="res://Levels/Main/Props/Tree_4.tscn" type="PackedScene" id=13]
[ext_resource path="res://Levels/Main/Props/Tree_6.tscn" type="PackedScene" id=14]
[ext_resource path="res://Levels/Main/Props/Tree_1.tscn" type="PackedScene" id=15]
[ext_resource path="res://Levels/Main/Props/TiniestWoods.tscn" type="PackedScene" id=16]
[ext_resource path="res://Levels/Main/Props/Tree_7.tscn" type="PackedScene" id=17]
[ext_resource path="res://Levels/Main/Props/Tree_5.tscn" type="PackedScene" id=18]
[ext_resource path="res://Levels/Main/Props/Tree_3.tscn" type="PackedScene" id=19]
[ext_resource path="res://Levels/Main/Props/Rock2.tscn" type="PackedScene" id=20]
[ext_resource path="res://Levels/Main/Props/Rock8.tscn" type="PackedScene" id=21]
[ext_resource path="res://Levels/Main/Props/Rock4.tscn" type="PackedScene" id=22]
[ext_resource path="res://Levels/Main/Props/Rock5.tscn" type="PackedScene" id=23]
[ext_resource path="res://Levels/Main/Props/Rock7.tscn" type="PackedScene" id=24]
[ext_resource path="res://Levels/Main/Props/Rock3.tscn" type="PackedScene" id=25]
[ext_resource path="res://Levels/Main/Props/Rock1.tscn" type="PackedScene" id=26]
[ext_resource path="res://Levels/Main/Props/Rock6.tscn" type="PackedScene" id=27]
[ext_resource path="res://Levels/Main/Props/GrassPatch.tscn" type="PackedScene" id=28]
[ext_resource path="res://Levels/Main/Props/Arbol.tscn" type="PackedScene" id=29]
[ext_resource path="res://Levels/Main/Props/Arbol1.tscn" type="PackedScene" id=30]
[ext_resource path="res://Levels/Main/Props/Grass1.tscn" type="PackedScene" id=31]

[sub_resource type="ShaderMaterial" id=1]
shader = ExtResource( 7 )
shader_param/color_depth = 6
shader_param/dithering = true
shader_param/resolution_scale = 2

[sub_resource type="QuadMesh" id=2]
material = SubResource( 1 )
size = Vector2( 2, 2 )

[node name="Game" type="Spatial"]
script = ExtResource( 5 )

[node name="Player" parent="." instance=ExtResource( 1 )]
transform = Transform( 1, 0, 0, 0, 1, 0, 0, 0, 1, -49.5413, 1.28, 73.9992 )

[node name="Map" type="Node" parent="."]

[node name="InvisibleWalls" type="Spatial" parent="Map"]
visible = false

[node name="Wall1" parent="Map/InvisibleWalls" instance=ExtResource( 3 )]
transform = Transform( 1.57601, 0, 0.925084, 0, 1, 0, -3.8391, 0, 0.379762, -60.1466, 5.75, 5.38672 )
skeleton = NodePath("../..")

[node name="Wall7" parent="Map/InvisibleWalls" instance=ExtResource( 3 )]
transform = Transform( -1.01453, 0, 0.979198, 0, 1, 0, -4.89599, 0, -0.202907, -48.832, 5.75, -169.177 )
skeleton = NodePath("../..")

[node name="Wall8" parent="Map/InvisibleWalls" instance=ExtResource( 3 )]
transform = Transform( 4.60718, 0, 0.388529, 0, 1, 0, -1.94264, 0, 0.921437, 23.1041, 5.75, -300.403 )
skeleton = NodePath("../..")

[node name="Wall2" parent="Map/InvisibleWalls" instance=ExtResource( 3 )]
transform = Transform( 23, 0, 0, 0, 1, 0, 0, 0, 1, 360, 5.75, 99 )
skeleton = NodePath("../..")

[node name="Wall5" parent="Map/InvisibleWalls" instance=ExtResource( 3 )]
transform = Transform( 25, 0, 0, 0, 1, 0, 0, 0, 1, 472.465, 5.75, -338 )
skeleton = NodePath("../..")

[node name="Wall3" parent="Map/InvisibleWalls" instance=ExtResource( 3 )]
transform = Transform( 3.02988, 0, 0.863131, 0, 1, 0, -5.17879, 0, 0.50498, 39.2907, 5.75, -2.91495 )
skeleton = NodePath("../..")

[node name="Wall9" parent="Map/InvisibleWalls" instance=ExtResource( 3 )]
transform = Transform( 3.99995, 0, -0.00521858, 0, 1, 0, 0.0208743, 0, 0.999986, 179.223, 5.75, -105.826 )
skeleton = NodePath("../..")

[node name="Wall13" parent="Map/InvisibleWalls" instance=ExtResource( 3 )]
transform = Transform( -2.99689, 0, -0.662319, 0, 1, 0, 2.64928, 0, -0.749222, 198.982, 5.75, -52.319 )
skeleton = NodePath("../..")

[node name="Wall14" parent="Map/InvisibleWalls" instance=ExtResource( 3 )]
transform = Transform( -0.448088, 0, -0.988782, 0, 1, 0, 2.96635, 0, -0.149363, 528.638, 5.75, -31.6828 )
skeleton = NodePath("../..")

[node name="Wall26" parent="Map/InvisibleWalls" instance=ExtResource( 3 )]
transform = Transform( -2.22206, 0, -0.671849, 0, 1, 0, 2.01555, 0, -0.740687, 580.902, 5.75, -127.985 )
skeleton = NodePath("../..")

[node name="Wall27" parent="Map/InvisibleWalls" instance=ExtResource( 3 )]
transform = Transform( -0.145294, 0, -0.998826, 0, 1, 0, 2.99648, 0, -0.0484316, 628.116, 5.75, -227.908 )
skeleton = NodePath("../..")

[node name="Wall28" parent="Map/InvisibleWalls" instance=ExtResource( 3 )]
transform = Transform( -2.60421, 0, -0.496443, 0, 1, 0, 1.48933, 0, -0.868069, 680.041, 5.75, -311.742 )
skeleton = NodePath("../..")

[node name="Wall23" parent="Map/InvisibleWalls" instance=ExtResource( 3 )]
transform = Transform( 3.73081, 0, -0.360648, 0, 1, 0, 1.44259, 0, 0.932702, 218.929, 5.75, 18.3022 )
skeleton = NodePath("../..")

[node name="Wall24" parent="Map/InvisibleWalls" instance=ExtResource( 3 )]
transform = Transform( 2.91395, 0, 0.237788, 0, 1, 0, -0.713363, 0, 0.971317, 347.809, 5.75, 33.3696 )
skeleton = NodePath("../..")

[node name="Wall25" parent="Map/InvisibleWalls" instance=ExtResource( 3 )]
transform = Transform( -1.55077, 0, -0.856033, 0, 1, 0, 2.5681, 0, -0.516922, 374.689, 5.75, 70.513 )
skeleton = NodePath("../..")

[node name="Wall10" parent="Map/InvisibleWalls" instance=ExtResource( 3 )]
transform = Transform( 5.19993, 0, -0.00521858, 0, 1, 0, 0.0271366, 0, 0.999986, 205.893, 5.75, -180.272 )
skeleton = NodePath("../..")

[node name="Wall11" parent="Map/InvisibleWalls" instance=ExtResource( 3 )]
transform = Transform( 2.6362, 0, 0.477312, 0, 1, 0, -1.43194, 0, 0.878734, 153.662, 5.75, -209.2 )
skeleton = NodePath("../..")

[node name="Wall15" parent="Map/InvisibleWalls" instance=ExtResource( 3 )]
transform = Transform( 2.9541, 0, -0.174267, 0, 1, 0, 0.522797, 0, 0.984698, 80.8892, 5.75, -308.163 )
skeleton = NodePath("../..")

[node name="Wall16" parent="Map/InvisibleWalls" instance=ExtResource( 3 )]
transform = Transform( 2.74053, 0, 0.406816, 0, 1, 0, -1.22045, 0, 0.91351, 194.508, 5.75, -322.073 )
skeleton = NodePath("../..")

[node name="Wall17" parent="Map/InvisibleWalls" instance=ExtResource( 3 )]
transform = Transform( 2.40827, 0, -0.596309, 0, 1, 0, 1.78892, 0, 0.802755, 501.484, 5.75, -305.335 )
skeleton = NodePath("../..")

[node name="Wall18" parent="Map/InvisibleWalls" instance=ExtResource( 3 )]
transform = Transform( 0.332433, 0, -0.993842, 0, 1, 0, 2.98152, 0, 0.11081, 553.63, 5.75, -214.542 )
skeleton = NodePath("../..")

[node name="Wall19" parent="Map/InvisibleWalls" instance=ExtResource( 3 )]
transform = Transform( -2.26886, 0, -0.654239, 0, 1, 0, 1.96272, 0, -0.756288, 517.637, 5.75, -119.312 )
skeleton = NodePath("../..")

[node name="Wall20" parent="Map/InvisibleWalls" instance=ExtResource( 3 )]
transform = Transform( -2.99821, 0, -0.034568, 0, 1, 0, 0.103708, 0, -0.999403, 435.149, 5.75, -91.2014 )
skeleton = NodePath("../..")

[node name="Wall21" parent="Map/InvisibleWalls" instance=ExtResource( 3 )]
transform = Transform( 2.71959, 0, -0.422144, 0, 1, 0, 1.26642, 0, 0.906529, 429.738, 5.75, -64.0694 )
skeleton = NodePath("../..")

[node name="Wall22" parent="Map/InvisibleWalls" instance=ExtResource( 3 )]
transform = Transform( 1.0267, 0, -0.858181, 0, 1, 0, 1.71636, 0, 0.513348, 499.126, 5.75, -6.98747 )
skeleton = NodePath("../..")

[node name="Wall29" parent="Map/InvisibleWalls" instance=ExtResource( 3 )]
transform = Transform( -1.39065, 0, -0.718698, 0, 1, 0, 1.4374, 0, -0.695323, 692.036, 5.75, 72.4825 )
skeleton = NodePath("../..")

[node name="Wall30" parent="Map/InvisibleWalls" instance=ExtResource( 3 )]
transform = Transform( -1.99424, 0, -0.07585, 0, 1, 0, 0.1517, 0, -0.997119, 757.947, 5.75, 41.3811 )
skeleton = NodePath("../..")

[node name="Wall31" parent="Map/InvisibleWalls" instance=ExtResource( 3 )]
transform = Transform( -1.47865, 0, -0.673349, 0, 1, 0, 1.3467, 0, -0.739325, 822.554, 5.75, 13.2004 )
skeleton = NodePath("../..")

[node name="Wall32" parent="Map/InvisibleWalls" instance=ExtResource( 3 )]
transform = Transform( -1.6126, 0, -0.843242, 0, 1, 0, 2.52973, 0, -0.537534, 879.853, 5.75, -59.605 )
skeleton = NodePath("../..")

[node name="Wall33" parent="Map/InvisibleWalls" instance=ExtResource( 3 )]
transform = Transform( 1.63314, 0, -0.577244, 0, 1, 0, 1.15449, 0, 0.816572, 772.902, 5.75, -166.325 )
skeleton = NodePath("../..")

[node name="Wall38" parent="Map/InvisibleWalls" instance=ExtResource( 3 )]
transform = Transform( 2.83553, 0, -0.326557, 0, 1, 0, 0.979671, 0, 0.945177, 862.001, 5.75, -123.813 )
skeleton = NodePath("../..")

[node name="Wall34" parent="Map/InvisibleWalls" instance=ExtResource( 3 )]
transform = Transform( 0.51767, 0, -0.855581, 0, 1, 0, 0.855581, 0, 0.51767, 729.691, 5.75, -206.702 )
skeleton = NodePath("../..")

[node name="Wall36" parent="Map/InvisibleWalls" instance=ExtResource( 3 )]
transform = Transform( -0.836506, 0, -0.547959, 0, 1, 0, 0.547959, 0, -0.836506, 735.997, 5.75, -234.163 )
skeleton = NodePath("../..")

[node name="Wall37" parent="Map/InvisibleWalls" instance=ExtResource( 3 )]
transform = Transform( -1.91079, 0, -0.295326, 0, 1, 0, 0.590651, 0, -0.955397, 790.833, 5.75, -256.881 )
skeleton = NodePath("../..")

[node name="Wall39" parent="Map/InvisibleWalls" instance=ExtResource( 3 )]
transform = Transform( -3.35571, 0, -0.544245, 0, 1, 0, 2.17698, 0, -0.838926, 873.741, 5.75, -298.788 )
skeleton = NodePath("../..")

[node name="Wall12" parent="Map/InvisibleWalls" instance=ExtResource( 3 )]
transform = Transform( 2.62109, 0, -0.486473, 0, 1, 0, 1.45942, 0, 0.873696, 258.425, 5.75, -208.691 )
skeleton = NodePath("../..")

[node name="Wall4" parent="Map/InvisibleWalls" instance=ExtResource( 3 )]
transform = Transform( -4.80825e-07, 0, 1, 0, 1, 0, -11, 0, -4.37114e-08, -91.1466, 5.75, -120 )
skeleton = NodePath("../..")

[node name="Wall6" parent="Map/InvisibleWalls" instance=ExtResource( 3 )]
transform = Transform( -4.80825e-07, 0, 1, 0, 1, 0, -11, 0, -4.37114e-08, 971.963, 5.75, -120 )
skeleton = NodePath("../..")

[node name="Placeholders" type="Node" parent="Map"]

[node name="Label3D" type="Label3D" parent="Map/Placeholders"]
transform = Transform( 1, 0, 0, 0, 1, 0, 0, 0, 1, -29.6121, 1, 28.6974 )
pixel_size = 0.05
billboard = 1
text = "CERCA QUEBRADA"

[node name="Label3D2" type="Label3D" parent="Map/Placeholders"]
transform = Transform( 1, 0, 0, 0, 1, 0, 0, 0, 1, -28.7294, 1, -244.285 )
pixel_size = 0.05
billboard = 1
text = "SANTUARIO E 2º BILHETE"

[node name="Label3D3" type="Label3D" parent="Map/Placeholders"]
transform = Transform( 1, 0, 0, 0, 1, 0, 0, 0, 1, 43.5263, 1, -80.2699 )
pixel_size = 0.05
billboard = 1
text = "1º BILHETE"

[node name="Label3D4" type="Label3D" parent="Map/Placeholders"]
transform = Transform( 1, 0, 0, 0, 1, 0, 0, 0, 1, 259.75, 1, -306.992 )
pixel_size = 0.05
billboard = 1
text = "CABANA E 3º BILHETE"

[node name="Label3D5" type="Label3D" parent="Map/Placeholders"]
transform = Transform( 1, 0, 0, 0, 1, 0, 0, 0, 1, 380.283, 1, -111.48 )
pixel_size = 0.05
billboard = 1
text = "FOGUEIRA E 4º BILHETE"

[node name="Label3D7" type="Label3D" parent="Map/Placeholders"]
transform = Transform( -0.888809, 0, -0.458277, 0, 1, 0, 0.458277, 0, -0.888809, 444.453, 1, 2.44527 )
pixel_size = 0.05
text = "--------------------------------------------------------------------------------------------------------------------- MURO MILITAR ------------------------------------------------------------------------------------------------------------------------"

[node name="Label3D8" type="Label3D" parent="Map/Placeholders"]
transform = Transform( 1, 0, 0, 0, 1, 0, 0, 0, 1, 470.527, 1, 66.2238 )
pixel_size = 0.05
billboard = 1
text = "CASA MILITAR E 5º BILHETE"

[node name="Label3D9" type="Label3D" parent="Map/Placeholders"]
transform = Transform( 0.880428, 0, -0.47418, 0, 1, 0, 0.47418, 0, 0.880428, 712.22, 1, -55.7226 )
pixel_size = 0.05
billboard = 1
text = "FOGUEIRA 6º BILHETE E BARRACA DESTRUIDA"

[node name="Label3D10" type="Label3D" parent="Map/Placeholders"]
transform = Transform( 1, 0, 0, 0, 1, 0, 0, 0, 1, 673.55, 1, -266.412 )
pixel_size = 0.05
billboard = 1
text = "BARRACA"

[node name="Label3D11" type="Label3D" parent="Map/Placeholders"]
transform = Transform( 1, 0, 0, 0, 1, 0, 0, 0, 1, 764.948, 1, -293.163 )
pixel_size = 0.05
billboard = 1
text = "7º BILHETE"

[node name="Label3D12" type="Label3D" parent="Map/Placeholders"]
transform = Transform( 1, 0, 0, 0, 1, 0, 0, 0, 1, 868.808, 1, -318.214 )
pixel_size = 0.05
billboard = 1
text = "FIM
"

[node name="EndGame" parent="Map/Placeholders/Label3D12" instance=ExtResource( 2 )]
transform = Transform( 1, 0, 0, 0, 1, 0, 0, 0, 1, -0.0410156, 0.409998, -0.138245 )

[node name="Label3D6" type="Label3D" parent="Map/Placeholders"]
transform = Transform( 1, 0, 0, 0, 1, 0, 0, 0, 1, 539.182, 1, -164.901 )
pixel_size = 0.05
billboard = 1
text = "MOCHILA/CHAVE
PONTE QUEBRADA"

[node name="house2" parent="Map/Placeholders" instance=ExtResource( 10 )]
transform = Transform( 0.816117, 0, 0.577886, 0, 1, 0, -0.577886, 0, 0.816117, -33.5447, 0, -251.561 )
skeleton = NodePath("../../..")

[node name="house3" parent="Map/Placeholders" instance=ExtResource( 10 )]
transform = Transform( 1, 0, 0, 0, 1, 0, 0, 0, 1, 254.668, 0, -316.261 )
skeleton = NodePath("../../..")

[node name="house5" parent="Map/Placeholders" instance=ExtResource( 10 )]
transform = Transform( -0.971201, 0, -0.238262, 0, 1, 0, 0.238262, 0, -0.971201, 469.487, 0, 73.3039 )
skeleton = NodePath("../../..")

[node name="house6" parent="Map/Placeholders" instance=ExtResource( 10 )]
transform = Transform( 0.00715579, 0, 0.999974, 0, 1, 0, -0.999974, 0, 0.00715579, 667.379, 0, -272.093 )
skeleton = NodePath("../../..")

[node name="house7" parent="Map/Placeholders" instance=ExtResource( 10 )]
transform = Transform( 0.0741085, 0, -0.99725, 0, 1, 0, 0.99725, 0, 0.0741085, 725.526, 0, -55.1239 )
skeleton = NodePath("../../..")

[node name="Floors" type="Node" parent="Map"]

[node name="Floor1" parent="Map/Floors" instance=ExtResource( 4 )]
transform = Transform( 6, 0, 0, 0, 1, 0, 0, 0, 6, 0, 0, 0 )
skeleton = NodePath("../..")

[node name="Floor2" parent="Map/Floors" instance=ExtResource( 4 )]
transform = Transform( 6, 0, 0, 0, 1, 0, 0, 0, 6, 240, 0, 0 )
skeleton = NodePath("../..")

[node name="Floor3" parent="Map/Floors" instance=ExtResource( 4 )]
transform = Transform( 6, 0, 0, 0, 1, 0, 0, 0, 6, 240, 0, -240 )
skeleton = NodePath("../..")

[node name="Floor5" parent="Map/Floors" instance=ExtResource( 4 )]
transform = Transform( 6, 0, 0, 0, 1, 0, 0, 0, 6, 480, 0, 0 )
skeleton = NodePath("../..")

[node name="Floor6" parent="Map/Floors" instance=ExtResource( 4 )]
transform = Transform( 6, 0, 0, 0, 1, 0, 0, 0, 6, 480, 0, -240 )
skeleton = NodePath("../..")

[node name="Floor7" parent="Map/Floors" instance=ExtResource( 4 )]
transform = Transform( 6, 0, 0, 0, 1, 0, 0, 0, 6, 720, 0, 0 )
skeleton = NodePath("../..")

[node name="Floor8" parent="Map/Floors" instance=ExtResource( 4 )]
transform = Transform( 6, 0, 0, 0, 1, 0, 0, 0, 6, 720, 0, -240 )
skeleton = NodePath("../..")

[node name="Floor9" parent="Map/Floors" instance=ExtResource( 4 )]
transform = Transform( 6, 0, 0, 0, 1, 0, 0, 0, 6, 960, 0, -240 )
skeleton = NodePath("../..")

[node name="Floor10" parent="Map/Floors" instance=ExtResource( 4 )]
transform = Transform( 6, 0, 0, 0, 1, 0, 0, 0, 6, 960, 0, 0 )
skeleton = NodePath("../..")

[node name="Floor4" parent="Map/Floors" instance=ExtResource( 4 )]
transform = Transform( 6, 0, 0, 0, 1, 0, 0, 0, 6, 0, 0, -240 )
skeleton = NodePath("../..")

[node name="Roads" type="Node" parent="Map"]

[node name="MeshInstance" parent="Map/Roads" instance=ExtResource( 8 )]
transform = Transform( 5.31911, 0, -4.62693, 0, 1, 0, 2.77616, 0, 8.86519, -28.6092, 0.251, 31.1209 )

[node name="MeshInstance2" parent="Map/Roads" instance=ExtResource( 8 )]
transform = Transform( 5.87021, 0, -2.0687, 0, 1, 0, 1.24122, 0, 9.78368, -10.2574, 0.251, -27.6795 )

[node name="MeshInstance28" parent="Map/Roads" instance=ExtResource( 8 )]
transform = Transform( 3.81267, 0, -7.72146, 0, 1, 0, 4.63288, 0, 6.35445, 19.2198, 0.251, -54.8911 )

[node name="MeshInstance29" parent="Map/Roads" instance=ExtResource( 8 )]
transform = Transform( 4.30788, 0, 6.96063, 0, 1, 0, -4.17638, 0, 7.17981, 22.1001, 0.251, -101.031 )

[node name="MeshInstance3" parent="Map/Roads" instance=ExtResource( 8 )]
transform = Transform( 5.99998, 0, 0.023561, 0, 1, 0, -0.0141368, 0, 9.99997, -0.837877, 0.251, -99.7106 )

[node name="MeshInstance4" parent="Map/Roads" instance=ExtResource( 8 )]
transform = Transform( 5.73746, 0, 2.92572, 0, 1, 0, -1.75543, 0, 9.56244, -10.5781, 0.251, -167.566 )

[node name="MeshInstance27" parent="Map/Roads" instance=ExtResource( 8 )]
transform = Transform( 3.98368, 0, 0.541501, 0, 1, 0, -0.361, 0, 5.97551, -22.3087, 0.251, -221.028 )

[node name="MeshInstance5" parent="Map/Roads" instance=ExtResource( 8 )]
transform = Transform( 0.828089, 0, -9.9043, 0, 1, 0, 5.94258, 0, 1.38015, 14.4091, 0.251, -249.531 )

[node name="MeshInstance6" parent="Map/Roads" instance=ExtResource( 8 )]
transform = Transform( -0.0108917, 0, -9.99998, 0, 1, 0, 5.99999, 0, -0.0181527, 81.2708, 0.251, -253.909 )

[node name="MeshInstance7" parent="Map/Roads" instance=ExtResource( 8 )]
transform = Transform( 2.68974, 0, -8.93888, 0, 1, 0, 5.36333, 0, 4.48289, 149.053, 0.251, -269.855 )

[node name="MeshInstance8" parent="Map/Roads" instance=ExtResource( 8 )]
transform = Transform( 1.90244, 0, -9.48401, 0, 1, 0, 5.69041, 0, 3.17073, 210.313, 0.251, -294.985 )

[node name="MeshInstance9" parent="Map/Roads" instance=ExtResource( 8 )]
transform = Transform( -0.705641, 0, -9.9306, 0, 1, 0, 5.95836, 0, -1.17607, 273.971, 0.251, -300.437 )

[node name="MeshInstance10" parent="Map/Roads" instance=ExtResource( 8 )]
transform = Transform( -4.84998, 0, -5.88731, 0, 1, 0, 3.53238, 0, -8.08329, 323.01, 0.251, -268.885 )

[node name="MeshInstance11" parent="Map/Roads" instance=ExtResource( 8 )]
transform = Transform( -5.76803, 0, -2.75369, 0, 1, 0, 1.65221, 0, -9.61339, 352.278, 0.251, -218.662 )

[node name="MeshInstance12" parent="Map/Roads" instance=ExtResource( 8 )]
transform = Transform( -5.76803, 0, -2.75369, 0, 1, 0, 1.65221, 0, -9.61339, 370.857, 0.251, -159.377 )

[node name="MeshInstance13" parent="Map/Roads" instance=ExtResource( 8 )]
transform = Transform( -5.41226, 0, 4.31645, 0, 1, 0, -2.58987, 0, -9.02043, 364.875, 0.251, -97.9268 )

[node name="MeshInstance14" parent="Map/Roads" instance=ExtResource( 8 )]
transform = Transform( -5.43328, 0, -4.24247, 0, 1, 0, 2.54548, 0, -9.05547, 363.15, 0.251, -40.6036 )

[node name="MeshInstance15" parent="Map/Roads" instance=ExtResource( 8 )]
transform = Transform( -1.08322, 0, -9.83568, 0, 1, 0, 5.90141, 0, -1.80536, 410.658, 0.251, -5.17654 )

[node name="MeshInstance16" parent="Map/Roads" instance=ExtResource( 8 )]
transform = Transform( -5.64372, 0, -3.3946, 0, 1, 0, 2.03676, 0, -9.4062, 455.746, 0.251, 30.4159 )

[node name="MeshInstance17" parent="Map/Roads" instance=ExtResource( 8 )]
transform = Transform( 0.348625, 0, -9.98311, 0, 1, 0, 5.98986, 0, 0.581041, 501.032, 0.251, 55.1633 )

[node name="MeshInstance18" parent="Map/Roads" instance=ExtResource( 8 )]
transform = Transform( 0.927538, 0, -9.87979, 0, 1, 0, 5.92787, 0, 1.5459, 569.531, 0.251, 48.7048 )

[node name="MeshInstance19" parent="Map/Roads" instance=ExtResource( 8 )]
transform = Transform( 4.09168, 0, -7.31401, 0, 1, 0, 4.38841, 0, 6.81947, 631.9, 0.251, 18.6938 )

[node name="MeshInstance20" parent="Map/Roads" instance=ExtResource( 8 )]
transform = Transform( 4.09168, 0, -7.31401, 0, 1, 0, 4.38841, 0, 6.81947, 683.209, 0.251, -29.0564 )

[node name="MeshInstance21" parent="Map/Roads" instance=ExtResource( 8 )]
transform = Transform( 5.90702, 0, 1.75367, 0, 1, 0, -1.0522, 0, 9.84503, 709.357, 0.251, -93.2405 )

[node name="MeshInstance22" parent="Map/Roads" instance=ExtResource( 8 )]
transform = Transform( 5.90702, 0, 1.75367, 0, 1, 0, -1.0522, 0, 9.84503, 694.166, 0.251, -166.458 )

[node name="MeshInstance23" parent="Map/Roads" instance=ExtResource( 8 )]
transform = Transform( 5.90702, 0, 1.75367, 0, 1, 0, -1.0522, 0, 9.84503, 682.828, 0.251, -237.521 )

[node name="MeshInstance24" parent="Map/Roads" instance=ExtResource( 8 )]
transform = Transform( 2.20144, 0, -9.30258, 0, 1, 0, 5.58155, 0, 3.66907, 707.409, 0.251, -281.103 )

[node name="MeshInstance25" parent="Map/Roads" instance=ExtResource( 8 )]
transform = Transform( 0.191918, 0, -9.99488, 0, 1, 0, 5.99693, 0, 0.319863, 765.662, 0.251, -293.113 )

[node name="MeshInstance26" parent="Map/Roads" instance=ExtResource( 8 )]
transform = Transform( 1.80493, 0, -9.5368, 0, 1, 0, 5.72208, 0, 3.00822, 831.133, 0.251, -305.824 )

[node name="TinyWoods" type="Node" parent="."]

[node name="Woods13" parent="TinyWoods" instance=ExtResource( 9 )]
transform = Transform( -0.342954, 0, 0.939351, 0, 1, 0, -0.939351, 0, -0.342954, -77.9988, 0, 25.5968 )

[node name="Woods16" parent="TinyWoods" instance=ExtResource( 9 )]
transform = Transform( 0.931583, 0, -0.363528, 0, 1, 0, 0.363528, 0, 0.931583, -72.0294, 0, 10.0758 )

[node name="Woods17" parent="TinyWoods" instance=ExtResource( 9 )]
transform = Transform( 0.0309045, 0, -0.999522, 0, 1, 0, 0.999522, 0, 0.0309045, -66.2129, 0, -7.30343 )

[node name="Woods18" parent="TinyWoods" instance=ExtResource( 9 )]
transform = Transform( -0.929692, 0, 0.368335, 0, 1, 0, -0.368335, 0, -0.929692, -60.3377, 0, -24.3568 )

[node name="Woods19" parent="TinyWoods" instance=ExtResource( 9 )]
transform = Transform( -0.355726, 0, 0.934589, 0, 1, 0, -0.934589, 0, -0.355726, -51.6306, 0, -38.5883 )

[node name="Woods20" parent="TinyWoods" instance=ExtResource( 9 )]
transform = Transform( 0.934837, 0, -0.355074, 0, 1, 0, 0.355074, 0, 0.934837, -45.0229, 0, -53.2982 )

[node name="Woods21" parent="TinyWoods" instance=ExtResource( 9 )]
transform = Transform( 0.0965582, 0, 0.995327, 0, 1, 0, -0.995327, 0, 0.0965582, -38.5989, 0, -72.5541 )

[node name="Woods43" parent="TinyWoods" instance=ExtResource( 9 )]
transform = Transform( -0.994216, 0, -0.107392, 0, 1, 0, 0.107392, 0, -0.994216, -43.8497, 0, -91.3729 )

[node name="Woods44" parent="TinyWoods" instance=ExtResource( 9 )]
transform = Transform( 0.324793, 0, 0.945785, 0, 1, 0, -0.945785, 0, 0.324793, -45.9608, 0, -109.648 )

[node name="Woods47" parent="TinyWoods" instance=ExtResource( 9 )]
transform = Transform( 0.973014, 0, 0.230746, 0, 1, 0, -0.230746, 0, 0.973014, -57.5673, 0, -163.937 )

[node name="Woods48" parent="TinyWoods" instance=ExtResource( 9 )]
transform = Transform( -0.860821, 0, 0.508906, 0, 1, 0, -0.508906, 0, -0.860821, -61.9755, 0, -187.788 )

[node name="Woods49" parent="TinyWoods" instance=ExtResource( 9 )]
transform = Transform( 0.330235, 0, 0.943898, 0, 1, 0, -0.943898, 0, 0.330235, -65.4295, 0, -205.966 )

[node name="Woods50" parent="TinyWoods" instance=ExtResource( 9 )]
transform = Transform( 0.970636, 0, 0.240549, 0, 1, 0, -0.240549, 0, 0.970636, -69.0159, 0, -225.672 )

[node name="Woods52" parent="TinyWoods" instance=ExtResource( 9 )]
transform = Transform( 0.888649, 0, 0.458587, 0, 1, 0, -0.458587, 0, 0.888649, -72.163, 0, -266.206 )

[node name="Woods54" parent="TinyWoods" instance=ExtResource( 9 )]
transform = Transform( 0.433297, 0, -0.901251, 0, 1, 0, 0.901251, 0, 0.433297, -37.6903, 0, -283.701 )

[node name="Woods55" parent="TinyWoods" instance=ExtResource( 9 )]
transform = Transform( -0.360696, 0, 0.932683, 0, 1, 0, -0.932683, 0, -0.360696, -15.8752, 0, -296.014 )

[node name="Woods58" parent="TinyWoods" instance=ExtResource( 9 )]
transform = Transform( 0.375998, 0, 0.92662, 0, 1, 0, -0.92662, 0, 0.375998, 43.2048, 0, -318.725 )

[node name="Woods60" parent="TinyWoods" instance=ExtResource( 9 )]
transform = Transform( 0.927784, 0, 0.373117, 0, 1, 0, -0.373117, 0, 0.927784, 87.4953, 0, -315.74 )

[node name="Woods71" parent="TinyWoods" instance=ExtResource( 9 )]
transform = Transform( 0.927784, 0, 0.373117, 0, 1, 0, -0.373117, 0, 0.927784, 109.466, 0, -312.035 )

[node name="Woods72" parent="TinyWoods" instance=ExtResource( 9 )]
transform = Transform( -0.240703, 0, -0.970599, 0, 1, 0, 0.970599, 0, -0.240703, 129.246, 0, -307.935 )

[node name="Woods73" parent="TinyWoods" instance=ExtResource( 9 )]
transform = Transform( 0.378956, 0, 0.925414, 0, 1, 0, -0.925414, 0, 0.378956, 153.003, 0, -313.503 )

[node name="Woods77" parent="TinyWoods" instance=ExtResource( 9 )]
transform = Transform( -0.894607, 0, -0.446853, 0, 1, 0, 0.446853, 0, -0.894607, 230.297, 0, -348.113 )

[node name="Woods111" parent="TinyWoods" instance=ExtResource( 9 )]
transform = Transform( 0.704709, 0, 0.709496, 0, 1, 0, -0.709496, 0, 0.704709, 272.917, 0, -346.979 )

[node name="Woods112" parent="TinyWoods" instance=ExtResource( 9 )]
transform = Transform( 0.704709, 0, 0.709496, 0, 1, 0, -0.709496, 0, 0.704709, 310.922, 0, -346.979 )

[node name="Woods114" parent="TinyWoods" instance=ExtResource( 9 )]
transform = Transform( 0.691538, 0, 0.722339, 0, 1, 0, -0.722339, 0, 0.691538, 351.229, 0, -347.161 )

[node name="Woods115" parent="TinyWoods" instance=ExtResource( 9 )]
transform = Transform( 0.691538, 0, 0.722339, 0, 1, 0, -0.722339, 0, 0.691538, 371.815, 0, -347.161 )

[node name="Woods117" parent="TinyWoods" instance=ExtResource( 9 )]
transform = Transform( 0.879041, 0, -0.476745, 0, 1, 0, 0.476745, 0, 0.879041, 411.603, 0, -346.784 )

[node name="Woods118" parent="TinyWoods" instance=ExtResource( 9 )]
transform = Transform( -0.0453462, 0, -0.998971, 0, 1, 0, 0.998971, 0, -0.0453462, 432.466, 0, -346.784 )

[node name="Woods119" parent="TinyWoods" instance=ExtResource( 9 )]
transform = Transform( -0.987598, 0, -0.157003, 0, 1, 0, 0.157003, 0, -0.987598, 455.567, 0, -346.784 )

[node name="Woods122" parent="TinyWoods" instance=ExtResource( 9 )]
transform = Transform( -0.608803, 0, -0.793321, 0, 1, 0, 0.793321, 0, -0.608803, 506.146, 0, -312.834 )

[node name="Woods124" parent="TinyWoods" instance=ExtResource( 9 )]
transform = Transform( -0.608803, 0, -0.793321, 0, 1, 0, 0.793321, 0, -0.608803, 536.946, 0, -290.033 )

[node name="Woods125" parent="TinyWoods" instance=ExtResource( 9 )]
transform = Transform( -0.721784, 0, 0.692118, 0, 1, 0, -0.692118, 0, -0.721784, 554.99, 0, -275.572 )

[node name="Woods127" parent="TinyWoods" instance=ExtResource( 9 )]
transform = Transform( -0.445198, 0, -0.895432, 0, 1, 0, 0.895432, 0, -0.445198, 560.114, 0, -234.565 )

[node name="Woods128" parent="TinyWoods" instance=ExtResource( 9 )]
transform = Transform( 0.735719, 0, -0.677287, 0, 1, 0, 0.677287, 0, 0.735719, 563.344, 0, -208.596 )

[node name="Woods129" parent="TinyWoods" instance=ExtResource( 9 )]
transform = Transform( -0.989098, 0, -0.147257, 0, 1, 0, 0.147257, 0, -0.989098, 565.308, 0, -187.869 )

[node name="Woods131" parent="TinyWoods" instance=ExtResource( 9 )]
transform = Transform( 0.57817, 0, -0.815916, 0, 1, 0, 0.815916, 0, 0.57817, 567.049, 0, -151.8 )

[node name="Woods157" parent="TinyWoods" instance=ExtResource( 9 )]
transform = Transform( 0.57817, 0, -0.815916, 0, 1, 0, 0.815916, 0, 0.57817, 597.644, 0, -155.29 )

[node name="Woods158" parent="TinyWoods" instance=ExtResource( 9 )]
transform = Transform( 0.363479, 0, 0.931602, 0, 1, 0, -0.931602, 0, 0.363479, 615.546, 0, -172.16 )

[node name="Woods159" parent="TinyWoods" instance=ExtResource( 9 )]
transform = Transform( -0.652098, 0, 0.758135, 0, 1, 0, -0.758135, 0, -0.652098, 617.543, 0, -195.69 )

[node name="Woods162" parent="TinyWoods" instance=ExtResource( 9 )]
transform = Transform( -0.652098, 0, 0.758135, 0, 1, 0, -0.758135, 0, -0.652098, 620.391, 0, -259.258 )

[node name="Woods165" parent="TinyWoods" instance=ExtResource( 9 )]
transform = Transform( 0.293791, 0, 0.95587, 0, 1, 0, -0.95587, 0, 0.293791, 652.517, 0, -306.448 )

[node name="Woods168" parent="TinyWoods" instance=ExtResource( 9 )]
transform = Transform( 0.251986, 0, 0.967731, 0, 1, 0, -0.967731, 0, 0.251986, 708.504, 0, -338.827 )

[node name="Woods170" parent="TinyWoods" instance=ExtResource( 9 )]
transform = Transform( 0.751057, 0, 0.660237, 0, 1, 0, -0.660237, 0, 0.751057, 753.22, 0, -347.121 )

[node name="Woods228" parent="TinyWoods" instance=ExtResource( 9 )]
transform = Transform( 0.751057, 0, 0.660237, 0, 1, 0, -0.660237, 0, 0.751057, 777.669, 0, -347.077 )

[node name="Woods230" parent="TinyWoods" instance=ExtResource( 9 )]
transform = Transform( 0.00677116, 0, -0.999977, 0, 1, 0, 0.999977, 0, 0.00677116, 815.24, 0, -346.64 )

[node name="Woods232" parent="TinyWoods" instance=ExtResource( 9 )]
transform = Transform( 0.714754, 0, 0.699376, 0, 1, 0, -0.699376, 0, 0.714754, 859.544, 0, -347.314 )

[node name="Woods233" parent="TinyWoods" instance=ExtResource( 9 )]
transform = Transform( 0.00991253, 0, -0.999951, 0, 1, 0, 0.999951, 0, 0.00991253, 878.481, 0, -346.98 )

[node name="Woods236" parent="TinyWoods" instance=ExtResource( 9 )]
transform = Transform( -0.862919, 0, 0.505342, 0, 1, 0, -0.505342, 0, -0.862919, 937.866, 0, -342.886 )

[node name="Woods166" parent="TinyWoods" instance=ExtResource( 9 )]
transform = Transform( 0.51381, 0, -0.857904, 0, 1, 0, 0.857904, 0, 0.51381, 670.296, 0, -315.955 )

[node name="Woods155" parent="TinyWoods" instance=ExtResource( 9 )]
transform = Transform( 0.0782859, 0, 0.996931, 0, 1, 0, -0.996931, 0, 0.0782859, 568.627, 0, -129.053 )

[node name="Woods132" parent="TinyWoods" instance=ExtResource( 9 )]
transform = Transform( -0.116307, 0, -0.993213, 0, 1, 0, 0.993213, 0, -0.116307, 551.307, 0, -135.851 )

[node name="Woods134" parent="TinyWoods" instance=ExtResource( 9 )]
transform = Transform( -0.664056, 0, 0.747683, 0, 1, 0, -0.747683, 0, -0.664056, 521.781, 0, -111.658 )

[node name="Woods153" parent="TinyWoods" instance=ExtResource( 9 )]
transform = Transform( 0.952044, 0, 0.30596, 0, 1, 0, -0.30596, 0, 0.952044, 533.887, 0, -97.3143 )

[node name="Woods154" parent="TinyWoods" instance=ExtResource( 9 )]
transform = Transform( 0.0449628, 0, 0.998989, 0, 1, 0, -0.998989, 0, 0.0449628, 551.713, 0, -114.219 )

[node name="Woods136" parent="TinyWoods" instance=ExtResource( 9 )]
transform = Transform( -0.995676, 0, 0.0928927, 0, 1, 0, -0.0928927, 0, -0.995676, 491.403, 0, -86.4518 )

[node name="Woods139" parent="TinyWoods" instance=ExtResource( 9 )]
transform = Transform( -0.717908, 0, -0.696138, 0, 1, 0, 0.696138, 0, -0.717908, 429.056, 0, -81.6602 )

[node name="Woods144" parent="TinyWoods" instance=ExtResource( 9 )]
transform = Transform( -0.460417, 0, -0.887702, 0, 1, 0, 0.887702, 0, -0.460417, 475.602, 0, -51.973 )

[node name="Woods145" parent="TinyWoods" instance=ExtResource( 9 )]
transform = Transform( -0.793481, 0, -0.608594, 0, 1, 0, 0.608594, 0, -0.793481, 490.815, 0, -37.3518 )

[node name="Woods149" parent="TinyWoods" instance=ExtResource( 9 )]
transform = Transform( -0.989028, 0, 0.147724, 0, 1, 0, -0.147724, 0, -0.989028, 514.615, 0, -13.7227 )

[node name="Woods150" parent="TinyWoods" instance=ExtResource( 9 )]
transform = Transform( -0.548366, 0, 0.836238, 0, 1, 0, -0.836238, 0, -0.548366, 520.155, 0, -36.0021 )

[node name="Woods151" parent="TinyWoods" instance=ExtResource( 9 )]
transform = Transform( 0.988654, 0, -0.150209, 0, 1, 0, 0.150209, 0, 0.988654, 523.228, 0, -56.9246 )

[node name="Woods141" parent="TinyWoods" instance=ExtResource( 9 )]
transform = Transform( -0.717908, 0, -0.696138, 0, 1, 0, 0.696138, 0, -0.717908, 414.659, 0, -81.6162 )

[node name="Woods120" parent="TinyWoods" instance=ExtResource( 9 )]
transform = Transform( 0.571373, 0, 0.82069, 0, 1, 0, -0.82069, 0, 0.571373, 475.922, 0, -338.543 )

[node name="Woods81" parent="TinyWoods" instance=ExtResource( 9 )]
transform = Transform( -0.906426, 0, -0.422364, 0, 1, 0, 0.422364, 0, -0.906426, 141.515, 0, -191.223 )

[node name="Woods84" parent="TinyWoods" instance=ExtResource( 9 )]
transform = Transform( 0.737879, 0, 0.674933, 0, 1, 0, -0.674933, 0, 0.737879, 165.349, 0, -189.436 )

[node name="Woods92" parent="TinyWoods" instance=ExtResource( 9 )]
transform = Transform( -0.0170169, 0, -0.999855, 0, 1, 0, 0.999855, 0, -0.0170169, 200.098, 0, -188.994 )

[node name="Woods85" parent="TinyWoods" instance=ExtResource( 9 )]
transform = Transform( 0.541885, 0, 0.840452, 0, 1, 0, -0.840452, 0, 0.541885, 207.396, 0, -227.043 )

[node name="Woods82" parent="TinyWoods" instance=ExtResource( 9 )]
transform = Transform( 0.248114, 0, -0.96873, 0, 1, 0, 0.96873, 0, 0.248114, 268.597, 0, -188.937 )

[node name="Woods83" parent="TinyWoods" instance=ExtResource( 9 )]
transform = Transform( 0.00518301, 0, -0.999986, 0, 1, 0, 0.999986, 0, 0.00518301, 247.66, 0, -188.432 )

[node name="Woods75" parent="TinyWoods" instance=ExtResource( 9 )]
transform = Transform( 0.430825, 0, -0.902435, 0, 1, 0, 0.902435, 0, 0.430825, 190.468, 0, -329.763 )

[node name="Woods14" parent="TinyWoods" instance=ExtResource( 9 )]
transform = Transform( 0.903597, 0, -0.428383, 0, 1, 0, 0.428383, 0, 0.903597, -85.1957, 0, 44.5812 )

[node name="Woods15" parent="TinyWoods" instance=ExtResource( 9 )]
transform = Transform( 0.903597, 0, -0.428383, 0, 1, 0, 0.428383, 0, 0.903597, -92.6358, 0, 63.5214 )

[node name="Woods24" parent="TinyWoods" instance=ExtResource( 9 )]
transform = Transform( 0.995716, 0, -0.0924576, 0, 1, 0, 0.0924576, 0, 0.995716, -100.032, 0, 84.1704 )

[node name="Woods25" parent="TinyWoods" instance=ExtResource( 9 )]
transform = Transform( -0.0325619, 0, 0.999469, 0, 1, 0, -0.999469, 0, -0.0325619, -80.7249, 0, 107.15 )

[node name="Woods26" parent="TinyWoods" instance=ExtResource( 9 )]
transform = Transform( 0.869227, 0, 0.494412, 0, 1, 0, -0.494412, 0, 0.869227, -58.3103, 0, 110.598 )

[node name="Woods27" parent="TinyWoods" instance=ExtResource( 9 )]
transform = Transform( -0.922706, 0, -0.385503, 0, 1, 0, 0.385503, 0, -0.922706, -45.238, 0, 108.175 )

[node name="Woods28" parent="TinyWoods" instance=ExtResource( 9 )]
transform = Transform( 0.0200171, 0, -0.999799, 0, 1, 0, 0.999799, 0, 0.0200171, -29.3176, 0, 110.437 )

[node name="Woods22" parent="TinyWoods" instance=ExtResource( 9 )]
transform = Transform( 0.0590797, 0, -0.998253, 0, 1, 0, 0.998253, 0, 0.0590797, 2.14645, 0, 77.8268 )

[node name="Woods29" parent="TinyWoods" instance=ExtResource( 9 )]
transform = Transform( -0.847631, 0, 0.530585, 0, 1, 0, -0.530585, 0, -0.847631, 21.1907, 0, 44.5119 )

[node name="Woods30" parent="TinyWoods" instance=ExtResource( 9 )]
transform = Transform( -0.844374, 0, 0.535753, 0, 1, 0, -0.535753, 0, -0.844374, 49.567, 0, -4.42497 )

[node name="Woods31" parent="TinyWoods" instance=ExtResource( 9 )]
transform = Transform( 0.266935, 0, -0.963714, 0, 1, 0, 0.963714, 0, 0.266935, 59.5656, 0, -19.2622 )

[node name="Woods32" parent="TinyWoods" instance=ExtResource( 9 )]
transform = Transform( 0.266935, 0, -0.963714, 0, 1, 0, 0.963714, 0, 0.266935, 79.9785, 0, -53.6346 )

[node name="Woods40" parent="TinyWoods" instance=ExtResource( 9 )]
transform = Transform( 0.266935, 0, -0.963714, 0, 1, 0, 0.963714, 0, 0.266935, 99.9456, 0, -88.2359 )

[node name="Woods42" parent="TinyWoods" instance=ExtResource( 9 )]
transform = Transform( -0.11074, 0, 0.993849, 0, 1, 0, -0.993849, 0, -0.11074, 128.083, 0, -97.8976 )

[node name="Woods61" parent="TinyWoods" instance=ExtResource( 9 )]
transform = Transform( -0.00610825, 0, 0.999981, 0, 1, 0, -0.999981, 0, -0.00610825, 146.609, 0, -96.8326 )

[node name="Woods62" parent="TinyWoods" instance=ExtResource( 9 )]
transform = Transform( -0.00631827, 0, -0.999979, 0, 1, 0, 0.999979, 0, -0.00631827, 164.436, 0, -94.5095 )

[node name="Woods68" parent="TinyWoods" instance=ExtResource( 9 )]
transform = Transform( -0.350829, 0, -0.936439, 0, 1, 0, 0.936439, 0, -0.350829, 196.026, 0, -62.8434 )

[node name="Woods69" parent="TinyWoods" instance=ExtResource( 9 )]
transform = Transform( -0.654107, 0, 0.756401, 0, 1, 0, -0.756401, 0, -0.654107, 180.808, 0, -51.2506 )

[node name="Woods96" parent="TinyWoods" instance=ExtResource( 9 )]
transform = Transform( -0.654107, 0, 0.756401, 0, 1, 0, -0.756401, 0, -0.654107, 152.812, 0, -26.8759 )

[node name="Woods97" parent="TinyWoods" instance=ExtResource( 9 )]
transform = Transform( -0.849183, 0, 0.528097, 0, 1, 0, -0.528097, 0, -0.849183, 141.091, 0, -7.19652 )

[node name="Woods98" parent="TinyWoods" instance=ExtResource( 9 )]
transform = Transform( -0.953274, 0, -0.302104, 0, 1, 0, 0.302104, 0, -0.953274, 158.501, 0, 4.54845 )

[node name="Woods101" parent="TinyWoods" instance=ExtResource( 9 )]
transform = Transform( 0.363397, 0, 0.931633, 0, 1, 0, -0.931633, 0, 0.363397, 210.316, 0, 24.2097 )

[node name="Woods102" parent="TinyWoods" instance=ExtResource( 9 )]
transform = Transform( 0.363397, 0, 0.931633, 0, 1, 0, -0.931633, 0, 0.363397, 228.598, 0, 31.1498 )

[node name="Woods103" parent="TinyWoods" instance=ExtResource( 9 )]
transform = Transform( -0.956304, 0, -0.292371, 0, 1, 0, 0.292371, 0, -0.956304, 244.547, 0, 37.7689 )

[node name="Woods104" parent="TinyWoods" instance=ExtResource( 9 )]
transform = Transform( 0.339296, 0, 0.940679, 0, 1, 0, -0.940679, 0, 0.339296, 265.888, 0, 45.2886 )

[node name="Woods106" parent="TinyWoods" instance=ExtResource( 9 )]
transform = Transform( -0.497291, 0, -0.867583, 0, 1, 0, 0.867583, 0, -0.497291, 303.034, 0, 53.5816 )

[node name="Woods109" parent="TinyWoods" instance=ExtResource( 9 )]
transform = Transform( -0.497291, 0, -0.867583, 0, 1, 0, 0.867583, 0, -0.497291, 344.014, 0, 43.87 )

[node name="Woods171" parent="TinyWoods" instance=ExtResource( 9 )]
transform = Transform( -0.158228, 0, 0.987402, 0, 1, 0, -0.987402, 0, -0.158228, 378.66, 0, 46.3158 )

[node name="Woods174" parent="TinyWoods" instance=ExtResource( 9 )]
transform = Transform( -0.158228, 0, 0.987402, 0, 1, 0, -0.987402, 0, -0.158228, 367.428, 0, 65.0975 )

[node name="Woods175" parent="TinyWoods" instance=ExtResource( 9 )]
transform = Transform( 0.862134, 0, -0.50668, 0, 1, 0, 0.50668, 0, 0.862134, 354.811, 0, 87.1029 )

[node name="Woods176" parent="TinyWoods" instance=ExtResource( 9 )]
transform = Transform( 0.999468, 0, -0.0325961, 0, 1, 0, 0.0325961, 0, 0.999468, 365.064, 0, 108.18 )

[node name="Woods180" parent="TinyWoods" instance=ExtResource( 9 )]
transform = Transform( -0.457888, 0, -0.889009, 0, 1, 0, 0.889009, 0, -0.457888, 442.798, 0, 109.182 )

[node name="Woods181" parent="TinyWoods" instance=ExtResource( 9 )]
transform = Transform( -0.0427308, 0, 0.999086, 0, 1, 0, -0.999086, 0, -0.0427308, 467.982, 0, 107.763 )

[node name="Woods182" parent="TinyWoods" instance=ExtResource( 9 )]
transform = Transform( -0.0427308, 0, 0.999086, 0, 1, 0, -0.999086, 0, -0.0427308, 487.482, 0, 107.763 )

[node name="Woods183" parent="TinyWoods" instance=ExtResource( 9 )]
transform = Transform( -0.702947, 0, -0.711241, 0, 1, 0, 0.711241, 0, -0.702947, 508.247, 0, 108.122 )

[node name="Woods186" parent="TinyWoods" instance=ExtResource( 9 )]
transform = Transform( -0.702947, 0, -0.711241, 0, 1, 0, 0.711241, 0, -0.702947, 572.585, 0, 108.122 )

